image: ~/auto4508_artifacts/maps/discovery_map.pgm
mode: trinary
resolution: 0.05000000074505806
origin: [-12.980096, -17.707060, 0.0]
negate: 0
occupied_thresh: 0.65
free_thresh: 0.25
