image: artifacts/maps/discovery_map.pgm
mode: trinary
resolution: 0.05000000074505806
origin: [-2.275071, -5.283650, 0.0]
negate: 0
occupied_thresh: 0.65
free_thresh: 0.25
